0.013848	0.044473	0.025889	0.011895	0.000000	0.003437	0.000797	0.001268	0.002942	0.002195	0.001050	0.001547	0.000000	0.001123	0.001121	0.002521	0.001074	0.001366	0.001291	0.000000	0.000864	0.001131	0.000000	0.000737	0.001464	0.000936	0.001522	0.000708	0.000469	0.000000	0.000313	0.000000	0.000000	0.001217	0.001309	0.000000	0.000000	0.000000	0.001443	0.000528	0.000000	0.000000	0.000000	0.000000	0.000000	0.000000	0.000680	0.000000	0.000000	0.000950	0.000635	0.000278	0.000000	0.000318	0.000424	0.000000	0.001929	0.000305	0.000000	0.000741	0.000362	0.000000	0.000373	0.000257	0.000000	0.000660	0.000919	0.000920	0.000000	0.000897	0.000596	0.000265	0.000000	0.000000	0.000000	0.001528	0.000000	0.000836	0.000000	0.000000	0.000000	0.002044	0.000000	0.000842	0.000000	0.000000	0.000000	0.000000	0.000553	0.000000	0.000000	0.000000	0.000000	0.000000	0.000000	0.000000	0.000000	0.000424	0.000751	0.000000	0.000479	0.000000	0.000000
0.044473	0.041776	0.056654	0.040112	0.004341	0.004071	0.002879	0.001832	0.004281	0.003260	0.003483	0.001408	0.001112	0.001352	0.001590	0.002591	0.001509	0.001791	0.000518	0.000372	0.000694	0.000318	0.000388	0.000326	0.000862	0.000451	0.000489	0.000455	0.001355	0.000486	0.000780	0.000771	0.000923	0.000880	0.000596	0.000182	0.000196	0.000183	0.000464	0.000339	0.000633	0.000382	0.000644	0.000561	0.000740	0.000479	0.000328	0.000245	0.000165	0.000381	0.000510	0.000626	0.000516	0.000716	0.000714	0.000451	0.000620	0.000319	0.000662	0.000337	0.000495	0.000448	0.000419	0.000868	0.000469	0.000742	0.000812	0.000406	0.000214	0.000324	0.000144	0.000212	0.000139	0.000119	0.000341	0.000429	0.000402	0.000604	0.000441	0.000403	0.000513	0.000164	0.000353	0.000440	0.000408	0.000232	0.000416	0.000681	0.000711	0.000360	0.000481	0.000194	0.000430	0.000065	0.000236	0.000264	0.000284	0.000272	0.000331	0.000469	0.000384	0.000906	0.000615
0.025889	0.056654	0.051044	0.032115	0.003286	0.003029	0.003235	0.002438	0.003536	0.002404	0.002355	0.001047	0.001163	0.001080	0.001038	0.002801	0.001205	0.001605	0.000276	0.000495	0.000415	0.000302	0.000723	0.000591	0.000521	0.000700	0.000406	0.000605	0.001052	0.000863	0.001071	0.000171	0.000870	0.000520	0.000466	0.000363	0.000000	0.000121	0.000360	0.000395	0.000361	0.000102	0.000686	0.000332	0.001116	0.000478	0.000218	0.000217	0.000110	0.000406	0.000509	0.000446	0.000468	0.000510	0.000543	0.000467	0.001030	0.000261	0.000441	0.000290	0.000232	0.000170	0.000359	0.000468	0.000000	0.000494	0.000589	0.000147	0.000114	0.000144	0.000127	0.000141	0.000092	0.000159	0.000227	0.000490	0.000134	0.000179	0.000391	0.000358	0.000409	0.000000	0.000470	0.000315	0.000310	0.000308	0.000383	0.000627	0.000236	0.000144	0.000183	0.000129	0.000334	0.000172	0.000210	0.000491	0.000227	0.000136	0.000241	0.000312	0.000409	0.000536	0.000546
0.011895	0.040112	0.032115	0.125319	0.010191	0.008187	0.005539	0.002376	0.005054	0.005057	0.004699	0.001409	0.001121	0.001315	0.001343	0.003229	0.002223	0.003626	0.000000	0.000621	0.000573	0.000486	0.000453	0.000374	0.000152	0.000365	0.001189	0.000442	0.001318	0.001735	0.000808	0.001000	0.001047	0.001188	0.000545	0.000353	0.000000	0.000621	0.000413	0.000330	0.000352	0.001116	0.000940	0.001152	0.000720	0.000699	0.000000	0.000476	0.000160	0.000420	0.000520	0.000435	0.000753	0.000870	0.000893	0.000317	0.000452	0.000358	0.000615	0.000347	0.000425	0.000311	0.000699	0.000965	0.000000	0.000928	0.000814	0.000144	0.000292	0.000070	0.000140	0.000248	0.000169	0.000174	0.000083	0.000596	0.000098	0.000392	0.000238	0.000305	0.000299	0.000239	0.000206	0.000526	0.000566	0.000150	0.000404	0.000255	0.000475	0.000525	0.000468	0.000754	0.000279	0.000252	0.000268	0.000308	0.000000	0.000298	0.000322	0.000685	0.001047	0.000490	0.000598
0.000000	0.004341	0.003286	0.010191	0.035138	0.069064	0.030685	0.009216	0.018319	0.015810	0.006594	0.002777	0.002664	0.003326	0.003271	0.005838	0.003398	0.004902	0.000695	0.001606	0.001512	0.000761	0.001172	0.000695	0.000920	0.001260	0.000512	0.001144	0.001768	0.002447	0.002743	0.002370	0.002514	0.001557	0.001116	0.000457	0.000328	0.000459	0.000777	0.000426	0.000986	0.000641	0.001404	0.001045	0.001241	0.000469	0.000275	0.000410	0.000553	0.001236	0.000684	0.000450	0.000787	0.000986	0.000741	0.000294	0.000260	0.000575	0.000656	0.000466	0.000683	0.000429	0.000502	0.000936	0.000000	0.001067	0.000536	0.000372	0.000144	0.000181	0.000321	0.000249	0.000058	0.000100	0.000286	0.000514	0.000337	0.000113	0.000164	0.000301	0.000344	0.000000	0.000474	0.000454	0.000586	0.000648	0.000643	0.000439	0.000968	0.000543	0.000231	0.000325	0.000481	0.000543	0.000396	0.000265	0.000095	0.000285	0.000455	0.000197	0.000580	0.000675	0.000688
0.003437	0.004071	0.003029	0.008187	0.069064	0.032207	0.050937	0.008181	0.021451	0.017094	0.006861	0.003520	0.002272	0.003716	0.002598	0.004944	0.003533	0.004293	0.000961	0.000658	0.001072	0.000631	0.000780	0.000824	0.000969	0.000581	0.000756	0.000527	0.002560	0.002506	0.002839	0.001589	0.002377	0.001133	0.000975	0.000421	0.000756	0.000423	0.001015	0.000721	0.000839	0.000473	0.000498	0.001060	0.000687	0.000741	0.000675	0.000378	0.000382	0.000354	0.000551	0.000622	0.000689	0.000830	0.000736	0.000697	0.000000	0.000379	0.000698	0.000675	0.000585	0.000495	0.000741	0.000607	0.000725	0.001188	0.001065	0.000285	0.000000	0.000000	0.000370	0.000197	0.000322	0.000092	0.000000	0.000758	0.000155	0.000000	0.000530	0.000416	0.000159	0.000381	0.000218	0.000680	0.000540	0.000358	0.000643	0.000405	0.000481	0.000779	0.000425	0.000000	0.000166	0.000600	0.000365	0.000733	0.000439	0.000421	0.000559	0.000544	0.000475	0.000856	0.000127
0.000797	0.002879	0.003235	0.005539	0.030685	0.050937	0.025317	0.015904	0.025059	0.020275	0.007933	0.003858	0.003075	0.003274	0.003270	0.006036	0.003895	0.005815	0.000743	0.001144	0.000895	0.001366	0.001057	0.001273	0.001179	0.000646	0.000964	0.000815	0.002213	0.001627	0.002994	0.002026	0.002921	0.001051	0.000904	0.000130	0.000421	0.000262	0.001218	0.000668	0.000648	0.000987	0.000739	0.001430	0.001344	0.000858	0.000392	0.000175	0.000236	0.000547	0.000438	0.000417	0.000875	0.000586	0.000585	0.000395	0.000222	0.000562	0.000690	0.000825	0.000459	0.000505	0.001116	0.001096	0.000000	0.000950	0.000705	0.000265	0.000307	0.000258	0.000069	0.000335	0.000050	0.000171	0.000366	0.000176	0.000144	0.000193	0.000000	0.000257	0.000074	0.000118	0.000304	0.000145	0.000417	0.000443	0.000504	0.000826	0.000382	0.000619	0.000099	0.000278	0.000308	0.000186	0.000339	0.000227	0.000244	0.000195	0.000648	0.000000	0.000275	0.000577	0.000529
0.001268	0.001832	0.002438	0.002376	0.009216	0.008181	0.015904	0.001857	0.014746	0.008540	0.004228	0.002738	0.001721	0.002878	0.001848	0.004801	0.003048	0.002417	0.000709	0.000970	0.000791	0.000828	0.000620	0.000270	0.000536	0.000343	0.000836	0.000648	0.000944	0.000370	0.001262	0.001172	0.002104	0.000780	0.000559	0.000414	0.000000	0.000832	0.000440	0.000193	0.000206	0.000349	0.000147	0.000711	0.000675	0.000455	0.000249	0.000093	0.000000	0.000232	0.000232	0.000255	0.000214	0.000291	0.000465	0.000343	0.000353	0.000112	0.000343	0.000090	0.000199	0.000146	0.000341	0.000330	0.000000	0.000363	0.000561	0.000253	0.000196	0.000164	0.000328	0.000436	0.000079	0.000136	0.000388	0.000000	0.000458	0.000000	0.000447	0.000204	0.000000	0.000187	0.000161	0.000308	0.000266	0.000176	0.000292	0.000000	0.000405	0.000082	0.000000	0.000000	0.000408	0.000000	0.000180	0.000240	0.000259	0.000155	0.000275	0.000000	0.000000	0.000344	0.000281
0.002942	0.004281	0.003536	0.005054	0.018319	0.021451	0.025059	0.014746	0.064695	0.053980	0.016948	0.006847	0.003995	0.004215	0.004566	0.012535	0.008330	0.011411	0.001577	0.001548	0.001308	0.001651	0.001156	0.000999	0.000855	0.000895	0.001172	0.000940	0.003860	0.006650	0.005360	0.002890	0.004730	0.002910	0.001530	0.000601	0.000712	0.000664	0.000869	0.000533	0.000838	0.001012	0.001236	0.001443	0.001077	0.000713	0.000253	0.000485	0.000436	0.000774	0.000742	0.000828	0.000776	0.001201	0.000855	0.000613	0.000512	0.000357	0.000737	0.000577	0.000481	0.000254	0.001090	0.001559	0.000000	0.001210	0.001253	0.000147	0.000312	0.000214	0.000190	0.000127	0.000161	0.000355	0.000056	0.000365	0.000066	0.000044	0.000065	0.000148	0.000305	0.000380	0.000467	0.000515	0.000616	0.000409	0.000656	0.000797	0.000911	0.000643	0.000227	0.000128	0.000308	0.000128	0.000078	0.000418	0.000263	0.000225	0.000618	0.000078	0.001068	0.001199	0.000706
0.002195	0.003260	0.002404	0.005057	0.015810	0.017094	0.020275	0.008540	0.053980	0.045319	0.019522	0.007029	0.005059	0.006319	0.005747	0.014108	0.008428	0.011147	0.001535	0.003098	0.001540	0.001434	0.001150	0.001403	0.001392	0.001187	0.001387	0.000785	0.003530	0.004321	0.005415	0.003804	0.005047	0.002895	0.001833	0.000986	0.000676	0.000360	0.000724	0.000544	0.000714	0.001057	0.001653	0.001538	0.001023	0.000433	0.000485	0.000443	0.000081	0.000853	0.001082	0.000640	0.000811	0.001337	0.001041	0.000742	0.000917	0.000532	0.001397	0.000920	0.000488	0.000505	0.000946	0.001877	0.000000	0.001204	0.000947	0.000219	0.000042	0.000249	0.000095	0.000042	0.000171	0.000177	0.000168	0.000787	0.000099	0.000133	0.000193	0.000354	0.000253	0.001134	0.000767	0.000501	0.000517	0.000915	0.000884	0.000776	0.000745	0.000818	0.000271	0.000287	0.000283	0.000320	0.000117	0.000260	0.000224	0.000504	0.000714	0.000232	0.000721	0.001044	0.000445
0.001050	0.003483	0.002355	0.004699	0.006594	0.006861	0.007933	0.004228	0.016948	0.019522	0.057600	0.017562	0.010401	0.010062	0.015468	0.021863	0.015334	0.016698	0.002609	0.004352	0.003448	0.003285	0.003054	0.002720	0.002490	0.002365	0.003230	0.003184	0.007108	0.003979	0.003912	0.002021	0.004041	0.002984	0.002294	0.001029	0.000616	0.000919	0.001288	0.000907	0.001594	0.002118	0.002108	0.001373	0.001646	0.001131	0.000584	0.000411	0.000259	0.000816	0.000914	0.000774	0.001255	0.001271	0.001648	0.000978	0.000585	0.001003	0.001288	0.001099	0.001154	0.000785	0.001282	0.001366	0.001180	0.001134	0.001146	0.000232	0.000216	0.000181	0.000121	0.000281	0.000109	0.000113	0.000643	0.000502	0.000253	0.000254	0.000154	0.000226	0.000226	0.000362	0.000356	0.000575	0.000770	0.000097	0.000403	0.000660	0.000531	0.000476	0.000433	0.000366	0.000293	0.000285	0.000347	0.000299	0.000250	0.000171	0.000512	0.000517	0.001064	0.000697	0.000878
0.001547	0.001408	0.001047	0.001409	0.002777	0.003520	0.003858	0.002738	0.006847	0.007029	0.017562	0.028572	0.023620	0.021603	0.020125	0.009126	0.005080	0.007661	0.004038	0.008240	0.007495	0.007283	0.006302	0.006591	0.006178	0.005577	0.004647	0.004639	0.002759	0.001654	0.003058	0.002383	0.002425	0.002720	0.003771	0.002022	0.000635	0.001100	0.001469	0.001494	0.002098	0.000780	0.000956	0.001272	0.000961	0.000852	0.000608	0.000303	0.000535	0.001061	0.000804	0.000850	0.000544	0.000759	0.001199	0.001673	0.002012	0.001478	0.001229	0.001730	0.001862	0.001692	0.001111	0.000748	0.000000	0.000590	0.000548	0.000171	0.000119	0.000468	0.000355	0.000315	0.000387	0.000221	0.000948	0.000455	0.000373	0.000249	0.000227	0.000249	0.000333	0.000685	0.000393	0.000376	0.000378	0.000287	0.000208	0.000583	0.000618	0.000334	0.000510	0.000090	0.000166	0.000360	0.000439	0.000636	0.000475	0.000410	0.000363	0.000435	0.000570	0.000560	0.000114
0.000000	0.001112	0.001163	0.001121	0.002664	0.002272	0.003075	0.001721	0.003995	0.005059	0.010401	0.023620	0.067604	0.027229	0.022249	0.005838	0.004183	0.006148	0.004520	0.010274	0.009723	0.008281	0.007394	0.007852	0.007183	0.007157	0.006635	0.006323	0.002044	0.001732	0.002262	0.000686	0.001608	0.002262	0.002183	0.002587	0.002612	0.002031	0.002200	0.002150	0.001731	0.001430	0.000287	0.000499	0.000615	0.000391	0.000826	0.000798	0.000440	0.001109	0.000885	0.000577	0.000710	0.000705	0.001120	0.002141	0.002068	0.001832	0.001286	0.001430	0.001942	0.001652	0.000986	0.000570	0.000000	0.000661	0.000482	0.000460	0.000305	0.000321	0.000384	0.000435	0.000526	0.000425	0.000303	0.000273	0.000179	0.000299	0.000392	0.000160	0.000365	0.000219	0.000251	0.000391	0.000155	0.000413	0.000342	0.000280	0.000277	0.000160	0.000245	0.000431	0.000223	0.000346	0.000807	0.000235	0.000152	0.000273	0.000295	0.000209	0.000274	0.000403	0.000365
0.001123	0.001352	0.001080	0.001315	0.003326	0.003716	0.003274	0.002878	0.004215	0.006319	0.010062	0.021603	0.027229	0.037837	0.026812	0.008151	0.004036	0.005684	0.003768	0.012321	0.011931	0.009779	0.007684	0.009109	0.008784	0.009411	0.008104	0.006352	0.002611	0.001201	0.002728	0.001557	0.002355	0.002665	0.003421	0.002875	0.002371	0.001721	0.002471	0.002140	0.001675	0.001184	0.000824	0.000588	0.000930	0.000753	0.000956	0.000714	0.000721	0.001010	0.001167	0.000933	0.000632	0.000843	0.001236	0.001957	0.001043	0.001700	0.001561	0.001924	0.002135	0.001788	0.001210	0.000682	0.000631	0.000589	0.000315	0.000373	0.000433	0.000267	0.000516	0.000601	0.000561	0.000603	0.000401	0.000496	0.000135	0.000316	0.000297	0.000513	0.000414	0.000663	0.000380	0.000273	0.000392	0.000208	0.000344	0.000282	0.000359	0.000364	0.000648	0.000196	0.000265	0.000915	0.000398	0.000461	0.000919	0.000550	0.000446	0.000000	0.000310	0.000407	0.000442
0.001121	0.001590	0.001038	0.001343	0.003271	0.002598	0.003270	0.001848	0.004566	0.005747	0.015468	0.020125	0.022249	0.026812	0.048382	0.015053	0.006494	0.008723	0.005993	0.010050	0.007741	0.007781	0.006603	0.007166	0.006532	0.004952	0.006655	0.006229	0.002885	0.003270	0.002944	0.001727	0.002714	0.002234	0.002875	0.001649	0.001381	0.001657	0.002026	0.001425	0.002342	0.001286	0.000779	0.000713	0.001062	0.000510	0.000294	0.000493	0.000554	0.000786	0.000840	0.000917	0.000931	0.000808	0.001326	0.001499	0.002083	0.001846	0.001336	0.001614	0.001604	0.001807	0.001349	0.000806	0.000000	0.000624	0.000546	0.000273	0.000346	0.000169	0.000258	0.000343	0.000187	0.000401	0.000229	0.000371	0.000203	0.000226	0.000230	0.000271	0.000172	0.000552	0.000807	0.000227	0.000196	0.000208	0.000365	0.000458	0.000358	0.000291	0.000324	0.000326	0.000241	0.000348	0.000583	0.000461	0.000268	0.000458	0.000446	0.000316	0.000439	0.000271	0.000496
0.002521	0.002591	0.002801	0.003229	0.005838	0.004944	0.006036	0.004801	0.012535	0.014108	0.021863	0.009126	0.005838	0.008151	0.015053	0.029527	0.037512	0.022840	0.003103	0.004729	0.002957	0.004117	0.002993	0.003464	0.002950	0.002113	0.003547	0.004485	0.009903	0.007794	0.006345	0.003845	0.006451	0.004345	0.002734	0.001071	0.000710	0.000828	0.000911	0.001345	0.001395	0.002567	0.002045	0.001923	0.001611	0.001485	0.000545	0.000592	0.000598	0.000899	0.000855	0.001135	0.001171	0.001461	0.001419	0.000909	0.000562	0.000845	0.001693	0.001134	0.000845	0.000609	0.001087	0.001969	0.000851	0.001683	0.001450	0.000167	0.000156	0.000294	0.000087	0.000270	0.000473	0.000162	0.000154	0.000445	0.000456	0.000183	0.000222	0.000081	0.000558	0.000521	0.000192	0.000706	0.000845	0.000491	0.000551	0.000570	0.000483	0.000457	0.000374	0.000176	0.000390	0.000059	0.000322	0.000335	0.000258	0.000309	0.000410	0.000639	0.001011	0.000548	0.000707
0.001074	0.001509	0.001205	0.002223	0.003398	0.003533	0.003895	0.003048	0.008330	0.008428	0.015334	0.005080	0.004183	0.004036	0.006494	0.037512	0.028163	0.018007	0.001903	0.002570	0.001977	0.001886	0.001538	0.001945	0.002044	0.001960	0.001358	0.002636	0.006292	0.005169	0.005105	0.002482	0.005088	0.003022	0.001456	0.000702	0.000945	0.000705	0.000896	0.001228	0.001180	0.001404	0.002800	0.000903	0.001240	0.001196	0.000581	0.000236	0.000159	0.000639	0.000714	0.000864	0.000997	0.001210	0.000953	0.000460	0.000299	0.000403	0.001309	0.000901	0.000422	0.000680	0.000665	0.001338	0.000000	0.000666	0.001093	0.000143	0.000249	0.000278	0.000231	0.000185	0.000201	0.000115	0.000000	0.000415	0.000291	0.000130	0.000095	0.000043	0.000099	0.000159	0.000341	0.000555	0.000563	0.000075	0.000556	0.000861	0.000386	0.000313	0.000199	0.000187	0.000277	0.000250	0.000114	0.000204	0.000275	0.000164	0.000408	0.000567	0.000817	0.000438	0.000753
0.001366	0.001791	0.001605	0.003626	0.004902	0.004293	0.005815	0.002417	0.011411	0.011147	0.016698	0.007661	0.006148	0.005684	0.008723	0.022840	0.018007	0.074027	0.004752	0.006969	0.004401	0.004459	0.004196	0.003927	0.003272	0.003077	0.004602	0.004467	0.012669	0.009292	0.008159	0.005364	0.009317	0.004762	0.004017	0.001711	0.001442	0.001420	0.001265	0.001180	0.002407	0.002630	0.003849	0.002195	0.002061	0.001569	0.000447	0.000601	0.000405	0.000937	0.001398	0.001391	0.001326	0.001821	0.001531	0.001067	0.000888	0.000903	0.001331	0.001283	0.000619	0.001022	0.001643	0.001709	0.000768	0.001649	0.001350	0.000242	0.000316	0.000029	0.000274	0.000174	0.000114	0.000195	0.000070	0.000402	0.000165	0.000055	0.000240	0.000330	0.000336	0.000605	0.000694	0.000526	0.000429	0.000443	0.000812	0.000558	0.000473	0.000767	0.000281	0.000556	0.000675	0.000212	0.000387	0.000043	0.000186	0.000307	0.000444	0.000288	0.000661	0.000866	0.000974
0.001291	0.000518	0.000276	0.000000	0.000695	0.000961	0.000743	0.000709	0.001577	0.001535	0.002609	0.004038	0.004520	0.003768	0.005993	0.003103	0.001903	0.004752	0.002407	0.010253	0.006442	0.007799	0.005950	0.006050	0.004276	0.002967	0.005108	0.005807	0.002360	0.003388	0.002396	0.000895	0.001964	0.002270	0.001872	0.000633	0.001590	0.000848	0.001166	0.001870	0.001786	0.000533	0.000449	0.000290	0.000229	0.000278	0.000507	0.000284	0.000574	0.000236	0.000296	0.000104	0.000327	0.000237	0.001106	0.000989	0.002158	0.000911	0.000350	0.000737	0.001284	0.000594	0.000278	0.000240	0.000000	0.000431	0.000286	0.000172	0.000000	0.000084	0.000222	0.000148	0.000081	0.000000	0.000395	0.000427	0.000000	0.000000	0.000114	0.000312	0.000119	0.000000	0.000164	0.000079	0.000000	0.000179	0.000223	0.000000	0.000103	0.000334	0.000319	0.000000	0.000166	0.000150	0.000000	0.000122	0.000000	0.000237	0.000140	0.000000	0.000089	0.000468	0.000095
0.000000	0.000372	0.000495	0.000621	0.001606	0.000658	0.001144	0.000970	0.001548	0.003098	0.004352	0.008240	0.010274	0.012321	0.010050	0.004729	0.002570	0.006969	0.010253	0.018259	0.029014	0.020014	0.017628	0.015701	0.016669	0.013793	0.012379	0.012870	0.004307	0.002705	0.002879	0.001378	0.002612	0.003262	0.005137	0.002490	0.003381	0.002067	0.003867	0.003637	0.003127	0.001276	0.000691	0.000669	0.001294	0.000999	0.000781	0.000826	0.000589	0.001000	0.001093	0.000906	0.000643	0.000579	0.000811	0.002150	0.001477	0.001636	0.000825	0.001064	0.001769	0.001296	0.000821	0.000542	0.000000	0.000284	0.000410	0.000396	0.000562	0.000472	0.000799	0.000608	0.000373	0.000569	0.000507	0.000512	0.000599	0.000320	0.000583	0.000214	0.000183	0.000391	0.000421	0.000322	0.000486	0.000276	0.000229	0.000187	0.000106	0.000258	0.000082	0.000116	0.000342	0.000926	0.000517	0.000691	0.000474	0.000365	0.000215	0.000000	0.000321	0.000240	0.000098
0.000864	0.000694	0.000415	0.000573	0.001512	0.001072	0.000895	0.000791	0.001308	0.001540	0.003448	0.007495	0.009723	0.011931	0.007741	0.002957	0.001977	0.004401	0.006442	0.029014	0.041331	0.035687	0.019907	0.019942	0.015889	0.013546	0.011583	0.012188	0.003217	0.002897	0.002972	0.001697	0.002210	0.002316	0.004983	0.003105	0.002888	0.002269	0.003872	0.003194	0.003233	0.000951	0.000851	0.000678	0.000882	0.000589	0.000934	0.000729	0.000512	0.001047	0.001049	0.000868	0.000346	0.000556	0.000872	0.001538	0.002046	0.001904	0.001193	0.001403	0.002035	0.001143	0.001117	0.000482	0.000000	0.000433	0.000191	0.000402	0.000300	0.000755	0.000409	0.000677	0.000486	0.000557	0.000529	0.000619	0.000156	0.000470	0.000304	0.000313	0.000478	0.000383	0.000384	0.000210	0.000136	0.000240	0.000398	0.000204	0.000242	0.000280	0.000214	0.000226	0.000334	0.000604	0.000704	0.000737	0.000486	0.000370	0.000468	0.000182	0.000239	0.000274	0.000255
0.001131	0.000318	0.000302	0.000486	0.000761	0.000631	0.001366	0.000828	0.001651	0.001434	0.003285	0.007283	0.008281	0.009779	0.007781	0.004117	0.001886	0.004459	0.007799	0.020014	0.035687	0.031292	0.024317	0.019267	0.017449	0.015360	0.012675	0.011386	0.002412	0.002308	0.002712	0.001437	0.002033	0.002932	0.006094	0.003880	0.002785	0.003712	0.004321	0.003878	0.003542	0.001400	0.001113	0.000444	0.000803	0.000771	0.000722	0.000912	0.000503	0.001086	0.000933	0.000818	0.000644	0.000728	0.000692	0.001911	0.001890	0.001844	0.001133	0.001594	0.002042	0.001594	0.000822	0.000504	0.000000	0.000270	0.000425	0.000638	0.000828	0.000623	0.000633	0.000670	0.000812	0.000546	0.000346	0.000499	0.000204	0.000410	0.000597	0.000410	0.000313	0.000584	0.000215	0.000275	0.000178	0.000236	0.000228	0.000266	0.000181	0.000146	0.000419	0.000296	0.000328	0.000988	0.000761	0.000536	0.000578	0.000312	0.000521	0.000239	0.000234	0.000205	0.000334
0.000000	0.000388	0.000723	0.000453	0.001172	0.000780	0.001057	0.000620	0.001156	0.001150	0.003054	0.006302	0.007394	0.007684	0.006603	0.002993	0.001538	0.004196	0.005950	0.017628	0.019907	0.024317	0.038356	0.033525	0.017684	0.017386	0.012010	0.011370	0.003045	0.003666	0.003108	0.001788	0.001973	0.002550	0.004968	0.003160	0.003318	0.002778	0.003460	0.003870	0.003265	0.001397	0.000280	0.000651	0.000558	0.000521	0.000998	0.000780	0.001075	0.000885	0.000554	0.000700	0.000327	0.000356	0.000739	0.001569	0.001347	0.001961	0.001152	0.001225	0.001670	0.001586	0.000886	0.000449	0.000408	0.000438	0.000364	0.000385	0.000858	0.000501	0.000583	0.000739	0.000423	0.000727	0.000296	0.000213	0.000262	0.000409	0.000596	0.000624	0.000580	0.000785	0.000184	0.000324	0.000304	0.000134	0.000195	0.000137	0.000155	0.000313	0.000538	0.000253	0.000374	0.000450	0.000377	0.000275	0.000396	0.000385	0.000131	0.000000	0.000368	0.000219	0.000285
0.000737	0.000326	0.000591	0.000374	0.000695	0.000824	0.001273	0.000270	0.000999	0.001403	0.002720	0.006591	0.007852	0.009109	0.007166	0.003464	0.001945	0.003927	0.006050	0.015701	0.019942	0.019267	0.033525	0.059576	0.026998	0.017496	0.013252	0.011385	0.003795	0.005162	0.002620	0.001193	0.002295	0.002820	0.005207	0.003736	0.003374	0.004600	0.003920	0.003598	0.003330	0.001319	0.000769	0.001116	0.000655	0.000636	0.001159	0.000703	0.000601	0.000793	0.000913	0.000637	0.000327	0.000424	0.000925	0.001529	0.002158	0.001496	0.000918	0.001342	0.002046	0.001188	0.000934	0.000439	0.000000	0.000457	0.000326	0.000514	0.000569	0.000334	0.000445	0.000550	0.000530	0.000594	0.000339	0.000285	0.000133	0.000267	0.000292	0.000743	0.000544	0.000381	0.000328	0.000269	0.000193	0.000154	0.000106	0.000278	0.000324	0.000143	0.000274	0.000193	0.000214	0.000601	0.000810	0.000629	0.000264	0.000429	0.000520	0.000156	0.000127	0.000401	0.000517
0.001464	0.000862	0.000521	0.000152	0.000920	0.000969	0.001179	0.000536	0.000855	0.001392	0.002490	0.006178	0.007183	0.008784	0.006532	0.002950	0.002044	0.003272	0.004276	0.016669	0.015889	0.017449	0.017684	0.026998	0.058112	0.023746	0.015392	0.013120	0.003271	0.002988	0.003423	0.001579	0.002193	0.003775	0.005537	0.003189	0.002662	0.004005	0.003390	0.003496	0.002303	0.001410	0.000283	0.000711	0.000650	0.000841	0.001199	0.000787	0.001229	0.001294	0.000917	0.000687	0.000453	0.000494	0.000478	0.001715	0.002175	0.001635	0.000819	0.001567	0.001813	0.001151	0.000657	0.000417	0.000000	0.000535	0.000605	0.000551	0.000414	0.000379	0.000672	0.000634	0.000488	0.000524	0.000448	0.000269	0.000353	0.000472	0.000344	0.000354	0.000495	0.000504	0.000558	0.000297	0.000256	0.000407	0.000168	0.000276	0.000195	0.000316	0.000543	0.000681	0.000126	0.000341	0.000622	0.000509	0.000299	0.000418	0.000264	0.000103	0.000236	0.000265	0.000216
0.000936	0.000451	0.000700	0.000365	0.001260	0.000581	0.000646	0.000343	0.000895	0.001187	0.002365	0.005577	0.007157	0.009411	0.004952	0.002113	0.001960	0.003077	0.002967	0.013793	0.013546	0.015360	0.017386	0.017496	0.023746	0.037454	0.018106	0.013397	0.003867	0.003549	0.003898	0.000865	0.002265	0.002962	0.006077	0.004588	0.004118	0.003534	0.003057	0.002997	0.001904	0.001030	0.000542	0.000735	0.000665	0.000336	0.001104	0.000755	0.000416	0.000813	0.000601	0.000602	0.000395	0.000387	0.000344	0.001898	0.000522	0.001114	0.000811	0.000802	0.002254	0.000916	0.000807	0.000522	0.000790	0.000536	0.000456	0.000435	0.000505	0.000182	0.000726	0.000608	0.000234	0.000804	0.000430	0.000103	0.000169	0.000226	0.000412	0.000377	0.000432	0.000276	0.000595	0.000057	0.000196	0.000000	0.000162	0.000088	0.000150	0.000243	0.000463	0.000326	0.000060	0.000763	0.000663	0.000355	0.000766	0.000344	0.000101	0.000198	0.000129	0.000339	0.000276
0.001522	0.000489	0.000406	0.001189	0.000512	0.000756	0.000964	0.000836	0.001172	0.001387	0.003230	0.004647	0.006635	0.008104	0.006655	0.003547	0.001358	0.004602	0.005108	0.012379	0.011583	0.012675	0.012010	0.013252	0.015392	0.018106	0.014386	0.029877	0.006184	0.004439	0.004271	0.001231	0.002158	0.003412	0.004653	0.002363	0.003214	0.003373	0.002803	0.002146	0.003158	0.000942	0.000705	0.000853	0.000743	0.000492	0.000374	0.001005	0.000451	0.000905	0.000558	0.000520	0.000514	0.000665	0.000884	0.001303	0.000636	0.001409	0.000659	0.000978	0.001514	0.000832	0.000738	0.000340	0.000000	0.000435	0.000269	0.000455	0.000411	0.000542	0.000393	0.000233	0.000285	0.000000	0.000233	0.000420	0.000138	0.000552	0.000268	0.000613	0.000491	0.000337	0.000193	0.000370	0.000159	0.000106	0.000263	0.000359	0.000182	0.000148	0.000282	0.000265	0.000147	0.000177	0.000378	0.000072	0.000311	0.000513	0.000289	0.000161	0.000316	0.000276	0.000562
0.000708	0.000455	0.000605	0.000442	0.001144	0.000527	0.000815	0.000648	0.000940	0.000785	0.003184	0.004639	0.006323	0.006352	0.006229	0.004485	0.002636	0.004467	0.005807	0.012870	0.012188	0.011386	0.011370	0.011385	0.013120	0.013397	0.029877	0.031700	0.007670	0.004335	0.004294	0.002781	0.004063	0.004605	0.004909	0.003239	0.002990	0.003370	0.003148	0.002159	0.003053	0.001948	0.001312	0.000556	0.000314	0.001169	0.000417	0.000519	0.000734	0.000874	0.000584	0.000825	0.000598	0.000456	0.000866	0.001181	0.000986	0.001342	0.001073	0.000884	0.001704	0.001100	0.000572	0.000342	0.000597	0.000304	0.000501	0.000282	0.000382	0.000275	0.000183	0.000541	0.000310	0.000228	0.000000	0.000234	0.000384	0.000257	0.000312	0.000228	0.000392	0.000523	0.000360	0.000215	0.000297	0.000000	0.000204	0.000133	0.000283	0.000092	0.000350	0.000494	0.000137	0.000165	0.000401	0.000201	0.000217	0.000217	0.000537	0.000000	0.000245	0.000256	0.000575
0.000469	0.001355	0.001052	0.001318	0.001768	0.002560	0.002213	0.000944	0.003860	0.003530	0.007108	0.002759	0.002044	0.002611	0.002885	0.009903	0.006292	0.012669	0.002360	0.004307	0.003217	0.002412	0.003045	0.003795	0.003271	0.003867	0.006184	0.007670	0.047122	0.072885	0.031794	0.013761	0.018677	0.010924	0.006887	0.002758	0.002145	0.002309	0.002444	0.002109	0.003624	0.003226	0.003477	0.003050	0.002289	0.002189	0.000553	0.000481	0.000417	0.001072	0.000903	0.001112	0.001207	0.001509	0.001176	0.000824	0.000261	0.000682	0.001523	0.000971	0.000589	0.000459	0.001137	0.001377	0.000000	0.001297	0.001079	0.000280	0.000217	0.000273	0.000040	0.000161	0.000264	0.000101	0.000287	0.000259	0.000339	0.000113	0.000206	0.000151	0.000000	0.000138	0.000357	0.000428	0.000589	0.000130	0.000512	0.000354	0.000712	0.000395	0.000638	0.000327	0.000151	0.000491	0.000166	0.000445	0.000240	0.000115	0.000305	0.000198	0.000583	0.000892	0.000796
0.000000	0.000486	0.000863	0.001735	0.002447	0.002506	0.001627	0.000370	0.006650	0.004321	0.003979	0.001654	0.001732	0.001201	0.003270	0.007794	0.005169	0.009292	0.003388	0.002705	0.002897	0.002308	0.003666	0.005162	0.002988	0.003549	0.004439	0.004335	0.072885	0.015311	0.052647	0.008866	0.024297	0.013492	0.006746	0.001980	0.004264	0.000331	0.003087	0.002925	0.003779	0.005279	0.002573	0.002717	0.003585	0.002030	0.000595	0.000740	0.000000	0.000831	0.000555	0.001461	0.001449	0.000836	0.001235	0.000455	0.000563	0.000623	0.001421	0.000649	0.000846	0.000581	0.000435	0.001276	0.001703	0.000963	0.000804	0.000000	0.000000	0.000000	0.000000	0.000000	0.000000	0.000000	0.000000	0.000223	0.000000	0.000244	0.000356	0.000000	0.000186	0.000000	0.000513	0.000368	0.000212	0.000281	0.000465	0.000381	0.000968	0.000523	0.000250	0.000352	0.000911	0.000235	0.000572	0.000000	0.000413	0.000124	0.000438	0.000000	0.000558	0.000914	0.000745
0.000313	0.000780	0.001071	0.000808	0.002743	0.002839	0.002994	0.001262	0.005360	0.005415	0.003912	0.003058	0.002262	0.002728	0.002944	0.006345	0.005105	0.008159	0.002396	0.002879	0.002972	0.002712	0.003108	0.002620	0.003423	0.003898	0.004271	0.004294	0.031794	0.052647	0.062449	0.018179	0.027417	0.013281	0.007883	0.002561	0.001985	0.003499	0.003397	0.002939	0.004131	0.003493	0.003558	0.003479	0.002782	0.001733	0.000831	0.000460	0.000511	0.000831	0.000991	0.000945	0.001270	0.001744	0.001534	0.000904	0.000349	0.000967	0.001154	0.000984	0.000656	0.000649	0.000810	0.000991	0.000000	0.001210	0.000929	0.000291	0.000290	0.000284	0.000135	0.000240	0.000196	0.000236	0.000240	0.000449	0.000170	0.000114	0.000248	0.000227	0.000087	0.000139	0.000279	0.000458	0.000657	0.000305	0.000379	0.000650	0.000601	0.000447	0.000349	0.000055	0.000263	0.000292	0.000267	0.000297	0.000192	0.000269	0.000357	0.000132	0.000693	0.000653	0.000578
0.000000	0.000771	0.000171	0.001000	0.002370	0.001589	0.002026	0.001172	0.002890	0.003804	0.002021	0.002383	0.000686	0.001557	0.001727	0.003845	0.002482	0.005364	0.000895	0.001378	0.001697	0.001437	0.001788	0.001193	0.001579	0.000865	0.001231	0.002781	0.013761	0.008866	0.018179	0.001479	0.036846	0.012801	0.006556	0.001569	0.001408	0.001576	0.002557	0.002561	0.002864	0.001541	0.001854	0.002332	0.001704	0.001838	0.000157	0.000235	0.000711	0.001171	0.000220	0.000836	0.001148	0.001251	0.000587	0.000361	0.001337	0.000776	0.001213	0.000799	0.000335	0.000829	0.000690	0.001071	0.000000	0.000992	0.000496	0.000106	0.000000	0.000000	0.000000	0.000122	0.000300	0.000515	0.000245	0.000000	0.000000	0.000000	0.000423	0.000000	0.000148	0.000000	0.000203	0.000584	0.000503	0.000000	0.000368	0.000151	0.000256	0.000207	0.000198	0.000279	0.000515	0.000373	0.000227	0.000000	0.000000	0.000294	0.000520	0.000338	0.000885	0.000869	0.000354
0.000000	0.000923	0.000870	0.001047	0.002514	0.002377	0.002921	0.002104	0.004730	0.005047	0.004041	0.002425	0.001608	0.002355	0.002714	0.006451	0.005088	0.009317	0.001964	0.002612	0.002210	0.002033	0.001973	0.002295	0.002193	0.002265	0.002158	0.004063	0.018677	0.024297	0.027417	0.036846	0.058010	0.019953	0.011832	0.002817	0.003539	0.002280	0.004125	0.002811	0.004675	0.004282	0.003883	0.004242	0.003868	0.002510	0.001035	0.000527	0.000213	0.001073	0.000900	0.001136	0.001132	0.001739	0.001552	0.000691	0.001201	0.000739	0.001400	0.000974	0.000777	0.000386	0.000748	0.001496	0.000808	0.001301	0.001081	0.000127	0.000148	0.000217	0.000082	0.000201	0.000179	0.000154	0.000367	0.000423	0.000173	0.000116	0.000295	0.000193	0.000133	0.000071	0.000243	0.000495	0.000401	0.000333	0.000523	0.000542	0.000765	0.000806	0.000178	0.000083	0.000216	0.000223	0.000170	0.000272	0.000245	0.000322	0.000493	0.000505	0.001092	0.000781	0.000601
0.001217	0.000880	0.000520	0.001188	0.001557	0.001133	0.001051	0.000780	0.002910	0.002895	0.002984	0.002720	0.002262	0.002665	0.002234	0.004345	0.003022	0.004762	0.002270	0.003262	0.002316	0.002932	0.002550	0.002820	0.003775	0.002962	0.003412	0.004605	0.010924	0.013492	0.013281	0.012801	0.019953	0.046450	0.030506	0.010543	0.006534	0.007395	0.006810	0.005197	0.011391	0.008626	0.003667	0.004573	0.003350	0.002404	0.000957	0.000759	0.000812	0.001058	0.001004	0.001199	0.001028	0.001624	0.001415	0.001152	0.000509	0.001100	0.001286	0.001282	0.000860	0.000876	0.001279	0.000951	0.000000	0.001016	0.000862	0.000162	0.000141	0.000158	0.000105	0.000163	0.000152	0.000065	0.000000	0.000201	0.000110	0.000147	0.000322	0.000098	0.000505	0.000539	0.000541	0.000333	0.000255	0.000508	0.000525	0.000574	0.000681	0.000434	0.000452	0.000212	0.000196	0.000354	0.000302	0.000115	0.000124	0.000447	0.000594	0.000643	0.000463	0.000717	0.000764
0.001309	0.000596	0.000466	0.000545	0.001116	0.000975	0.000904	0.000559	0.001530	0.001833	0.002294	0.003771	0.002183	0.003421	0.002875	0.002734	0.001456	0.004017	0.001872	0.005137	0.004983	0.006094	0.004968	0.005207	0.005537	0.006077	0.004653	0.004909	0.006887	0.006746	0.007883	0.006556	0.011832	0.030506	0.051178	0.022752	0.016820	0.018774	0.013648	0.011280	0.014880	0.006786	0.003085	0.002545	0.002712	0.002163	0.001115	0.001408	0.000841	0.001896	0.001521	0.001106	0.000829	0.001004	0.001468	0.001515	0.001338	0.001463	0.001205	0.001168	0.001051	0.001005	0.000705	0.001022	0.000000	0.000604	0.000483	0.000290	0.000269	0.000396	0.000376	0.000300	0.000245	0.000469	0.000401	0.000385	0.000316	0.000316	0.000384	0.000211	0.000121	0.000129	0.000333	0.000319	0.000183	0.000243	0.000377	0.000411	0.000349	0.000226	0.000324	0.000228	0.000422	0.000508	0.000433	0.000372	0.000223	0.000241	0.000473	0.000276	0.000302	0.000277	0.000483
0.000000	0.000182	0.000363	0.000353	0.000457	0.000421	0.000130	0.000414	0.000601	0.000986	0.001029	0.002022	0.002587	0.002875	0.001649	0.001071	0.000702	0.001711	0.000633	0.002490	0.003105	0.003880	0.003160	0.003736	0.003189	0.004588	0.002363	0.003239	0.002758	0.001980	0.002561	0.001569	0.002817	0.010543	0.022752	0.001109	0.008959	0.013373	0.009748	0.009315	0.006904	0.002335	0.001049	0.001522	0.001105	0.000975	0.002223	0.000996	0.001006	0.001035	0.000934	0.000682	0.000478	0.000416	0.000346	0.000867	0.000000	0.000848	0.000980	0.000686	0.000829	0.000586	0.001036	0.000379	0.000000	0.000378	0.000300	0.000225	0.000524	0.000293	0.000097	0.000216	0.000353	0.000729	0.000173	0.000250	0.000204	0.000000	0.000399	0.000365	0.000104	0.000501	0.000144	0.000206	0.000356	0.000000	0.000000	0.000213	0.000362	0.000366	0.000280	0.000395	0.000365	0.000132	0.000401	0.000322	0.000231	0.000554	0.000061	0.000000	0.000078	0.000410	0.000250
0.000000	0.000196	0.000000	0.000000	0.000328	0.000756	0.000421	0.000000	0.000712	0.000676	0.000616	0.000635	0.002612	0.002371	0.001381	0.000710	0.000945	0.001442	0.001590	0.003381	0.002888	0.002785	0.003318	0.003374	0.002662	0.004118	0.003214	0.002990	0.002145	0.004264	0.001985	0.001408	0.003539	0.006534	0.016820	0.008959	0.001286	0.006600	0.010497	0.008730	0.006741	0.002179	0.001411	0.000956	0.001190	0.000875	0.000958	0.000625	0.001264	0.000724	0.000279	0.000392	0.000411	0.000616	0.000745	0.001043	0.000679	0.000645	0.000660	0.001000	0.000957	0.000561	0.000394	0.000453	0.001028	0.000581	0.000162	0.000243	0.000282	0.000474	0.000105	0.000326	0.000228	0.000392	0.000000	0.000403	0.000000	0.000294	0.000429	0.000393	0.000112	0.000180	0.000000	0.000296	0.000383	0.000169	0.000070	0.000115	0.000097	0.000158	0.000452	0.000000	0.000079	0.000568	0.000259	0.000578	0.000374	0.000224	0.000528	0.000257	0.000000	0.000110	0.000270
0.000000	0.000183	0.000121	0.000621	0.000459	0.000423	0.000262	0.000832	0.000664	0.000360	0.000919	0.001100	0.002031	0.001721	0.001657	0.000828	0.000705	0.001420	0.000848	0.002067	0.002269	0.003712	0.002778	0.004600	0.004005	0.003534	0.003373	0.003370	0.002309	0.000331	0.003499	0.001576	0.002280	0.007395	0.018774	0.013373	0.006600	0.003732	0.030171	0.026948	0.015352	0.005161	0.001449	0.001147	0.001816	0.001388	0.002010	0.001000	0.000337	0.001144	0.001094	0.000594	0.000576	0.000523	0.000556	0.001537	0.000633	0.001153	0.000246	0.000811	0.000833	0.000720	0.000796	0.000423	0.000959	0.000488	0.000252	0.000453	0.000351	0.000221	0.000294	0.000391	0.000213	0.000366	0.000696	0.000000	0.000205	0.000412	0.000200	0.000092	0.000315	0.000503	0.000000	0.000138	0.000000	0.000474	0.000131	0.000107	0.000000	0.000074	0.000141	0.000198	0.000000	0.000132	0.000161	0.000539	0.000465	0.000070	0.000308	0.000000	0.000236	0.000103	0.000252
0.001443	0.000464	0.000360	0.000413	0.000777	0.001015	0.001218	0.000440	0.000869	0.000724	0.001288	0.001469	0.002200	0.002471	0.002026	0.000911	0.000896	0.001265	0.001166	0.003867	0.003872	0.004321	0.003460	0.003920	0.003390	0.003057	0.002803	0.003148	0.002444	0.003087	0.003397	0.002557	0.004125	0.006810	0.013648	0.009748	0.010497	0.030171	0.054423	0.065869	0.013583	0.006024	0.002007	0.002859	0.003801	0.002799	0.002931	0.002399	0.001925	0.001738	0.001411	0.001161	0.001015	0.000597	0.000706	0.000997	0.000402	0.001400	0.000834	0.001082	0.001032	0.000858	0.000881	0.000644	0.000000	0.000711	0.000490	0.000415	0.000260	0.000654	0.000249	0.000478	0.000361	0.000413	0.000221	0.000106	0.000087	0.000232	0.000127	0.000504	0.000222	0.000213	0.000183	0.000176	0.000302	0.000201	0.000138	0.000272	0.000192	0.000156	0.000298	0.000252	0.000155	0.000168	0.000443	0.000547	0.000246	0.000412	0.000469	0.000102	0.000166	0.000436	0.000249
0.000528	0.000339	0.000395	0.000330	0.000426	0.000721	0.000668	0.000193	0.000533	0.000544	0.000907	0.001494	0.002150	0.002140	0.001425	0.001345	0.001228	0.001180	0.001870	0.003637	0.003194	0.003878	0.003870	0.003598	0.003496	0.002997	0.002146	0.002159	0.002109	0.002925	0.002939	0.002561	0.002811	0.005197	0.011280	0.009315	0.008730	0.026948	0.065869	0.074035	0.022417	0.008061	0.003914	0.002782	0.004873	0.003260	0.003993	0.003097	0.001486	0.001569	0.001282	0.001549	0.001181	0.001117	0.000969	0.000952	0.000735	0.000977	0.000943	0.001130	0.001022	0.000699	0.000938	0.000628	0.000445	0.000529	0.000584	0.000456	0.000285	0.000513	0.000182	0.000363	0.000330	0.000283	0.000404	0.000582	0.000000	0.000128	0.000139	0.000425	0.000536	0.000390	0.000335	0.000417	0.000111	0.000293	0.000364	0.000050	0.000169	0.000137	0.000392	0.000092	0.000068	0.000369	0.000337	0.000801	0.000324	0.000452	0.000229	0.000223	0.000255	0.000239	0.000234
0.000000	0.000633	0.000361	0.000352	0.000986	0.000839	0.000648	0.000206	0.000838	0.000714	0.001594	0.002098	0.001731	0.001675	0.002342	0.001395	0.001180	0.002407	0.001786	0.003127	0.003233	0.003542	0.003265	0.003330	0.002303	0.001904	0.003158	0.003053	0.003624	0.003779	0.004131	0.002864	0.004675	0.011391	0.014880	0.006904	0.006741	0.015352	0.013583	0.022417	0.057753	0.024726	0.010508	0.006507	0.007051	0.005826	0.003155	0.001776	0.000835	0.002164	0.001730	0.001631	0.001450	0.001554	0.001516	0.002158	0.001570	0.001391	0.001586	0.001407	0.001356	0.001297	0.001244	0.000754	0.000000	0.001155	0.000623	0.000262	0.000217	0.000474	0.000388	0.000452	0.000352	0.000423	0.000518	0.000559	0.000305	0.000204	0.000397	0.000227	0.000208	0.000333	0.000215	0.000240	0.000118	0.000548	0.000259	0.000319	0.000180	0.000547	0.000209	0.000589	0.000254	0.000590	0.000399	0.000267	0.000173	0.000414	0.000366	0.000000	0.000350	0.000306	0.000374
0.000000	0.000382	0.000102	0.001116	0.000641	0.000473	0.000987	0.000349	0.001012	0.001057	0.002118	0.000780	0.001430	0.001184	0.001286	0.002567	0.001404	0.002630	0.000533	0.001276	0.000951	0.001400	0.001397	0.001319	0.001410	0.001030	0.000942	0.001948	0.003226	0.005279	0.003493	0.001541	0.004282	0.008626	0.006786	0.002335	0.002179	0.005161	0.006024	0.008061	0.024726	0.006554	0.023839	0.014208	0.009048	0.010878	0.001779	0.001886	0.001271	0.001438	0.001528	0.001532	0.002614	0.002366	0.002622	0.000902	0.001593	0.001344	0.001806	0.001428	0.000947	0.000713	0.000770	0.002409	0.000000	0.000863	0.001602	0.000316	0.000294	0.000494	0.000082	0.000146	0.000238	0.000205	0.000146	0.000210	0.000000	0.000345	0.000168	0.000077	0.000088	0.000000	0.000242	0.000464	0.000399	0.000397	0.000384	0.000180	0.000457	0.000370	0.000118	0.000498	0.000123	0.000666	0.000203	0.000361	0.000292	0.000467	0.000568	0.000000	0.000790	0.000173	0.000422
0.000000	0.000644	0.000686	0.000940	0.001404	0.000498	0.000739	0.000147	0.001236	0.001653	0.002108	0.000956	0.000287	0.000824	0.000779	0.002045	0.002800	0.003849	0.000449	0.000691	0.000851	0.001113	0.000280	0.000769	0.000283	0.000542	0.000705	0.001312	0.003477	0.002573	0.003558	0.001854	0.003883	0.003667	0.003085	0.001049	0.001411	0.001449	0.002007	0.003914	0.010508	0.023839	0.097019	0.038498	0.026203	0.023445	0.002443	0.002706	0.001546	0.002385	0.001949	0.002032	0.004097	0.004574	0.003386	0.001410	0.001118	0.000920	0.002041	0.001660	0.001092	0.000600	0.001469	0.002684	0.000677	0.002295	0.001952	0.000160	0.000371	0.000208	0.000276	0.000123	0.000652	0.000345	0.000123	0.000708	0.000000	0.000194	0.000071	0.000129	0.000222	0.000237	0.000408	0.000342	0.000336	0.000669	0.000277	0.000529	0.000384	0.000520	0.000298	0.000140	0.000207	0.000467	0.000284	0.000304	0.000246	0.000344	0.000391	0.000677	0.001109	0.000581	0.000770
